2446000.5 0
2060 278.90573 339.80742 208.72482 6.94403 0.3808285 0.01960978 13.6192825
CHIRON
 from 1984 Soviet ephemeris
2446600.5 0

8 173.98514 284.97440 110.50931 5.88982 0.1563255 0.30175435 2.2014071
FLORA
 from the 1986 Soviet ephemeris

2446000.5 0
7 10.83681 144.88931 259.36941 5.51130 0.2289426 0.26734250 2.3864777
IRIS
 from 1984 Soviet ephemeris

2446000.5 0
30 217.23889 86.06991 307.34493 2.09274 0.1278882 0.27092030 2.3654205
URANIA
 from 1984 Soviet ephemeris

2446600.5 0
6 195.93384 238.59810 138.39658 14.78574 0.2019179 0.26095492 2.4252642
HEBE
 from 1986 Soviet ephemeris

2446600.5 0
5 301.45072 356.55751 141.14688 5.36111 0.1907135 0.23858134 2.5746117
ASTRAEA
 from 1986 Soviet ephemeris

2446000.5 0
10 72.47731 317.00931 283.07220 3.83986 0.1203414 0.17747497 3.1360139
HYGIEA
 from 1984 Soviet ephemeris

2430000.5 1
4 -1.680848617672295 1.571279942210852 0.846430930339212
-0.0071043701168001 -0.0077992337681097 -0.0021793178742927
4 249.4215480 149.6386222 103.7923242 7.1395478 0.0902807 0.0 2.3607203
VESTA
 from Volume 20

2430000.5 1
2 -2.048943415145954 -1.657760951284628 0.471606914710104
0.0047522066552288 -0.0094499637557561 0.0015318032765057
2 68.4641070 310.1660287 173.0698072 34.8141206 0.2347096 0.0 2.7704955
PALLAS
 from Volume 20

2430000.5 1
3 -1.792058162594035 1.565362754241066 0.359105309168342
-0.0095804034211988 -0.0065218049720597 -0.0008651729077003
3 53.8650120 245.3752141 170.7103684 13.0170473 0.2562318 0.0 2.6689897
JUNO
 from Volume 20

2430000.5 1
1 -1.481625158255855 -2.176924851516122 -0.720238308230722
0.0081232997961306 -0.0052014298351147 -0.0040996644938818
1 75.7665506 71.0794517 80.808077 10.5969261 0.0794317 0.0 2.7672273
CERES
 from Volume 20

2446400.5 0
1278 343.88412 237.57777 90.01359 10.88780 0.2608812 0.26419387 2.4054014
KENYA
 from 1985 Soviet ephemeris

2446400.5 0
1279 131.06569 296.39730 335.35623 5.72130 0.2097797 0.27019634 2.3696438
UGANDA
 from 1985 Soviet ephemeris

2446400.5 0
1284 346.87797 114.63150 302.60915 10.89791 0.1700518 0.22917676 2.6445736
LATVIA
 from 1985 Soviet ephemeris

2446400.5 0
1294 302.07964 311.76512 80.99528 8.70517 0.2333838 0.22356181 2.6886708
ANTWERPIA
 from 1985 Soviet ephemeris

2446400.5 0
1426 233.77256 273.56722 334.93692 9.03598 0.1657799 0.23806644 2.5783227
RIVIERA
 from 1985 Soviet ephemeris

2446400.5 0
1430 274.21821 351.83331 327.18174 3.29264 0.1969814 0.24044794 2.5612699
SOMALIA
 from 1985 Soviet ephemeris

2446400.5 0
1432 36.25125 217.99118 122.94464 8.26948 0.2257514 0.26815828 2.3816352
ETHIOPIA
 from 1985 Soviet ephemeris

2446400.5 0
1475 314.86990 200.59916 199.74891 4.50403 0.1681041 0.27363058 2.3497751
YALTA
 from 1985 Soviet ephemeris

2446400.5 0
1495 68.96735 268.64374 12.76338 12.74176 0.1545913 0.22993674 2.6387433
HELSINKI
 from 1985 Soviet ephemeris

2446400.5 0
1496 201.14261 0.23340 294.04341 2.50027 0.1616694 0.30076996 2.2062078
TURKU
 from 1985 Soviet ephemeris

2446400.5 0
1537 152.11891 148.92749 229.69222 3.85817 0.3007602 0.18495719 3.0508573
TRANSYLVANIA
 from 1985 Soviet ephemeris

2446400.5 0
1541 30.22989 187.44188 1.29333 4.89412 0.0689031 0.21408696 2.7674253
ESTONIA
 from 1985 Soviet ephemeris

2446400.5 0
1554 245.33328 131.65160 216.76989 12.15990 0.2023594 0.23257853 2.6187235
YUGOSLAVIA
 from 1985 Soviet ephemeris

2446400.5 0
1602 257.58806 73.23967 74.72994 4.16375 0.1046628 0.29318390 2.2441022
INDIANA
 from 1985 Soviet ephemeris

2446400.5 0
1702 221.48493 242.05319 103.73063 9.95313 0.1413272 0.20397208 2.8581755
KALAHARI
 from 1985 Soviet ephemeris

2446400.5 0
1709 146.05361 41.53129 299.88508 7.57723 0.2142082 0.26866043 2.3786666
UKRAINA
 from 1985 Soviet ephemeris

2446400.5 0
1712 341.34175 10.41360 237.82425 19.22224 0.1340142 0.17346456 3.1841649
ANGOLA
 from 1985 Soviet ephemeris

2446400.5 0
1718 325.77928 132.87662 202.67399 7.68936 0.2764992 0.27091577 2.3654469
NAMIBIA
 from 1985 Soviet ephemeris

2446400.5 0
1816 337.38686 340.29352 152.88600 26.14186 0.2194214 0.27562887 2.3384042
LIBERIA
 from 1985 Soviet ephemeris

2446400.5 0
2200 69.26869 209.76944 345.14914 4.59047 0.1452437 0.26407021 2.4061523
PASADENA
 from 1985 Soviet ephemeris

2446400.5 0
2230 164.15116 255.82106 153.60780 2.56400 0.0642652 0.20408927 2.8570813
YUNNAN
 from 1985 Soviet ephemeris

2446400.5 0
2315 153.43381 12.43492 30.05876 10.73216 0.1112951 0.18889580 3.0083002
CZECHOSLOVAKIA
 from 1985 Soviet ephemeris

2446400.5 0
2404 74.29214 150.73980 110.51936 2.69283 0.1381259 0.17854347 3.1234896
ANTARCTICA
 from 1985 Soviet ephemeris

2446400.5 0
2566 328.64966 80.87974 51.19266 5.08649 0.0788441 0.25711826 2.4493308
KIRGHIZIA
 from 1985 Soviet ephemeris

2446400.5 0
2567 101.53196 190.11247 142.37107 8.90515 0.1393818 0.21761402 2.7374412
ELBA
 from 1985 Soviet ephemeris

2446400.5 0
2584 266.30389 238.41194 49.66736 1.43824 0.0651638 0.29637819 2.2279489
TURKMENIA
 from 1985 Soviet ephemeris

2446400.5 0
2830 204.52934 140.70135 48.54467 25.35081 0.2083998 0.26905657 2.3763312
GREENWICH
 from 1985 Soviet ephemeris

2446400.5 0
2906 269.52990 297.01439 84.16137 30.73831 0.1200412 0.17574442 3.1565671
CALTECH
 from 1985 Soviet ephemeris

2446400.5 0
2101
ADONIS
 from 1985 Soviet ephemeris

2446400.5 0
1027
AESCULAPIA
 from 1985 Soviet ephemeris

2446400.5 0
1912
ANUBIS
 from 1985 Soviet ephemeris

2446400.5 0
1464
ARMISTICIA
 from 1985 Soviet ephemeris

2446400.5 0
1814
BACH
 from 1985 Soviet ephemeris

2446400.5 0
1703
BARRY
 from 1985 Soviet ephemeris

2446400.5 0
716
BERKELEY
 from 1985 Soviet ephemeris

2446400.5 0
2383
BRADLEY
 from 1985 Soviet ephemeris

2446400.5 0
763
CUPIDO
 from 1985 Soviet ephemeris

2446400.5 0
1864
DAEDALUS
 from 1985 Soviet ephemeris

2446400.5 0
382
DODONA
 from 1985 Soviet ephemeris

2446400.5 0
616
ELLY
 from 1985 Soviet ephemeris

2446400.5 0
300
GERALDINA
 from 1985 Soviet ephemeris

2446400.5 0
1516
HENRY
 from 1985 Soviet ephemeris

2446400.5 0
1570
HERRICK
 from 1985 Soviet ephemeris

2446400.5 0
2193
JACKSON
 from 1985 Soviet ephemeris

2446400.5 0
1932
JANSKY
 from 1985 Soviet ephemeris

2446400.5 0
1036
GANYMED
 from 1985 Soviet ephemeris

2446400.5 0
895
HELIO
 from 1985 Soviet ephemeris

2446400.5 0
577
RHEA
 from 1985 Soviet ephemeris

2446400.5 0
498
TOKYO
 from 1985 Soviet ephemeris

2446400.5 0

 from 1985 Soviet ephemeris


2444600.5 0
1 319.23914 73.89555 80.10259 10.59878 0.0772343 0.21420655 2.7663951
CERES
  from 1980 Soviet ephemeris

2446000.5 0
1 260.11707 72.85497 80.05355 10.60624 0.0784049 0.21418635 2.7665691
CERES
  from 1984 Soviet ephemeris

2444600.5 0
2 310.10294 309.95743 172.72584 34.80728 0.2322791 0.21346896 2.7727639
PALLAS
  from 1980 Soviet ephemeris

2446000.5 0
2 249.10925 309.92980 172.64936 34.80083 0.2334531 0.21361367 2.7715115
PALLAS
  from 1984 Soviet ephemeris

2446000.5 0
7 10.83681 144.88931 259.36941 5.51130 0.2289426 0.26734250 2.3864777
IRIS
 from 1984 Soviet ephemeris

2446400.5 0
9 257.28502 4.62755 68.53465 5.58295 0.1221995 0.26710599 2.3878862
METIS
 from 1985 Soviet ephemeris

2446000.5 0
16 324.50424 226.86938 149.88552 3.09428 0.1338351 0.19722197 2.9230249
PSYCHE
 from 1984 Soviet ephemeris

2446400.5 0
19 286.52499 181.74175 211.00717 1.57279 0.1590143 0.25821679 2.4423790
FORTUNA
 from 1985 Soviet ephemeris

2446400.5 0
24 340.18375 110.86966 35.69914 0.75857 0.1341923 0.17799464 3.1299070
THEMIS
 from 1985 Soviet ephemeris

2446400.5 0
26 207.01430 193.76194 45.58781 3.56364 0.0894767 0.22780667 2.6551665
PROSERPINA
 from 1985 Soviet ephemeris

2446400.5 0
29 219.79689 63.05056 355.96946 6.10638 0.0735919 0.24150557 2.5537867
AMPHITRITE
 from 1985 Soviet ephemeris

2446400.5 0
32 25.38579 336.40844 220.03528 5.52298 0.0845122 0.23704907 2.5856945
POMONA
 from 1985 Soviet ephemeris

2446400.5 0
42 292.35386 235.84109 84.14334 8.54250 0.2256555 0.25863774 2.4397282
ISIS
 from 1985 Soviet ephemeris

2446400.5 0
46 315.71590 175.54989 180.65453 2.33301 0.1725477 0.24563428 2.5250892
HESTIA
 from 1985 Soviet ephemeris

2446400.5 0
50 252.05199 199.33166 173.24924 2.84106 0.2886665 0.22880583 2.6474311
VIRGINIA
 from 1985 Soviet ephemeris

2446000.5 0
51 284.95892 0.78334 175.61976 9.96705 0.0665876 0.27082238 2.3659906
NEMAUSA
 from 1984 Soviet ephemeris

2446000.5 0
52 129.91764 335.07621 128.83705 7.46496 0.1071698 0.18084398 3.0969439
EUROPA
 from 1984 Soviet ephemeris

2446000.5 0
55 173.82061 3.89516 10.18891 7.19718 0.1450866 0.21517178 2.7581159
PANDORA
 from 1984 Soviet ephemeris

2446000.5 0
67 223.35076 105.50837 202.38308 6.01255 0.1868726 0.26175749 2.4203043
ASIA
 from 1984 Soviet ephemeris

2446400.5 0
75 90.15510 338.03908 359.20903 4.99249 0.3045443 0.22552804 2.6730209
EURYDIKE
 from 1985 Soviet ephemeris

2446000.5 0
77 315.60976 61.01513 1.00208 2.42747 0.1322861 0.22615634 2.6680679
FRIGGA
 from 1984 Soviet ephemeris

2446000.5 0
78 272.62679 151.21809 333.21230 8.66106 0.2047107 0.23218548 2.6216779
DIANA
 from 1984 Soviet ephemeris

2446000.5 0
80 128.08177 138.88112 218.37490 8.65865 0.1999265 0.28329484 2.2960267
SAPPHO
 from 1984 Soviet ephemeris

2446400.5 0
80 241.39812 138.90830 218.36546 8.66037 0.2002320 0.28340536 2.2954298
SAPPHO
 from 1985 Soviet ephemeris

2446400.5 0
86 330.25674 302.55747 86.73828 4.79460 0.2133381 0.17968262 3.1102742
SEMELE
 from 1985 Soviet ephemeris

2446400.5 0
93 7.16966 274.65775 3.97322 8.56152 0.1401458 0.21548780 2.7554186
MINERVA
 from 1985 Soviet ephemeris

2446400.5 0
97 73.67053 267.92329 159.54473 11.76156 0.2585566 0.22611099 2.6684246
KLOTHO
 from 1985 Soviet ephemeris

2446400.5 0
99 359.76998 194.06592 41.32840 13.87781 0.1952172 0.22667053 2.6640314
DIKE
 from 1985 Soviet ephemeris

2446400.5 0
100 202.57892 181.10836 127.25540 6.39244 0.1554528 0.18052221 3.1006230
HEKATE
 from 1985 Soviet ephemeris

2446400.5 0
103 168.49268 187.97911 135.84603 5.41586 0.0790440 0.22180242 2.7028703
HERA
 from 1985 Soviet ephemeris

2446400.5 0
105 118.73844 56.08795 187.93528 21.48775 0.1781228 0.26977758 2.3720954
ARTEMIS
 from 1985 Soviet ephemeris

2446400.5 0
119 333.99828 169.38872 203.29255 5.76087 0.0813874 0.23755391 2.5820298
ALTHAEA
 from 1985 Soviet ephemeris

2446400.5 0
120 203.03405 238.76164 341.01434 6.96220 0.0646991 0.17943426 3.1131435
LACHESIS
 from 1985 Soviet ephemeris

2446400.5 0
128 317.81834 301.49871 76.11059 6.24566 0.1270821 0.21593471 2.7516155
NEMESIS
 from 1985 Soviet ephemeris

2446400.5 0
136 340.31421 132.31768 186.06422 9.57089 0.0853942 0.28498326 2.2869490
AUSTRIA
 from 1985 Soviet ephemeris

2446400.5 0
148 279.28517 251.65964 144.77531 25.33329 0.1867208 0.21363464 2.7713302
GALLIA
 from 1985 Soviet ephemeris

2446400.5 0
149 78.36803 250.86380 159.08735 0.93974 0.0650689 0.30728765 2.1749001
MEDUSA
 from 1985 Soviet ephemeris

2446400.5 0
224 318.63822 281.12854 352.73642 5.85043 0.0428103 0.22916458 2.6446674
OCEANA
 from 1985 Soviet ephemeris

2446400.5 0
228 220.18613 18.39576 312.97062 2.53982 0.2418476 0.30173651 2.2014938
AGATHE
 from 1985 Soviet ephemeris

2446000.5 0
232 291.39389 48.16494 152.36108 6.09839 0.1784134 0.24202703 2.5501172
RUSSIA
 from 1984 Soviet ephemeris

2446000.5 0
241 298.89620 74.10628 270.66833 5.51355 0.1052796 0.18498340 3.0505691
GERMANIA
 from 1984 Soviet ephemeris

2446400.5 0
251 65.04174 291.10328 155.90220 10.51872 0.1046462 0.18110704 3.0939443
SOPHIA
 from 1985 Soviet ephemeris

2446400.5 0
258 69.00538 154.04115 207.41041 14.26047 0.2024321 0.23291610 2.6161926
TYCHE
 from 1985 Soviet ephemeris

2446400.5 0
265 32.49896 252.16856 335.06053 25.63568 0.2643438 0.26145523 2.4221693
ANNA
 from 1985 Soviet ephemeris

2446400.5 0
273 30.73821 120.28427 158.62022 20.41168 0.1622433 0.26584639 2.3954229
ATROPOS
 from 1985 Soviet ephemeris

2446000.5 0
279 182.30860 70.93033 73.20883 2.33825 0.0088865 0.11137693 4.2783130
THULE
 from 1984 Soviet ephemeris

2446400.5 0
293 347.41939 86.51194 61.21674 15.58323 0.1069071 0.20359932 2.8616631
BRASILIA
 from 1985 Soviet ephemeris

2446400.5 0
301 185.79384 122.33025 142.11782 4.89060 0.0664212 0.21911583 2.7249187
BAVARIA
 from 1985 Soviet ephemeris

2446400.5 0
310 253.37822 323.78686 229.28413 3.16510 0.1150541 0.21475576 2.7616767
MARGARITA
 from 1985 Soviet ephemeris

2446400.5 0
313 129.70639 314.56768 176.35562 11.62037 0.1809590 0.26918527 2.3755737
CHALDAEA
 from 1985 Soviet ephemeris

2446400.5 0
317 87.68221 186.07107 150.93589 1.76562 0.0849396 0.28507748 2.2864451
ROXANE
 from 1985 Soviet ephemeris

2446400.5 0
327 343.95274 308.76067 354.60686 7.14594 0.0627928 0.21307385 2.7761906
COLUMBIA
 from 1985 Soviet ephemeris

2446000.5 0
334 65.19229 138.79165 130.13898 4.66251 0.0419486 0.12947238 3.8697653
CHICAGO
 from 1984 Soviet ephemeris

2446000.5 0
341 111.24464 293.05288 28.73483 5.66502 0.1939980 0.30211405 2.1996594
CALIFORNIA
 from 1984 Soviet ephemeris

2446000.5 0
349 181.87816 345.57849 32.22135 8.25615 0.0914752 0.19726638 2.9225862
DEMBOWSKA
 from 1984 Soviet ephemeris

2446400.5 0
359 37.74571 336.55894 5.89476 6.77014 0.1559094 0.21876410 2.7278387
GEORGIA
 from 1985 Soviet ephemeris

2446400.5 0
371 215.01428 340.33865 283.27549 7.39165 0.0631099 0.21887094 2.7269509
BOHEMIA
 from 1985 Soviet ephemeris

2446400.5 0
389 248.23779 265.52242 282.00204 8.14532 0.0650859 0.23398799 2.6081967
INDUSTRIA
 from 1985 Soviet ephemeris

2446400.5 0
399 354.24950 186.32804 346.45075 13.12410 0.0767377 0.18487800 3.0517285
PERSEPHONE
 from 1985 Soviet ephemeris

2446400.5 0
408 3.47474 99.79476 298.13049 9.09210 0.1345667 0.17454843 3.1709697
FAMA
 from 1985 Soviet ephemeris

2446400.5 0
416 59.04500 197.55096 57.87504 12.91030 0.2204108 0.21153108 2.7896727
VATICANA
 from 1985 Soviet ephemeris

2446000.5 0
433 194.61845 178.53441 303.77171 10.82814 0.2228934 0.55965871 1.4583235
EROS
 from 1984 Soviet ephemeris

2446000.5 0
434 323.94851 123.67720 174.83474 22.50869 0.0738870 0.36354431 1.9443054
HUNGARIA
 from 1984 Soviet ephemeris

2446400.5 0
439 212.27323 233.59389 201.64202 19.13678 0.0730462 0.17797479 3.1301397
OHIO
 from 1985 Soviet ephemeris

2446400.5 0
444 139.04741 154.26319 195.50029 10.26351 0.1729521 0.21350865 2.7724203
GYPTIS
 from 1985 Soviet ephemeris

2446400.5 0
445 67.67403 75.46489 292.74198 21.44982 0.1910605 0.17235692 3.1977921
EDNA
 from 1985 Soviet ephemeris

2446400.5 0
469 355.34296 206.37953 334.22912 11.71434 0.1792824 0.17584548 3.1553575
ARGENTINA
 from 1985 Soviet ephemeris

2446400.5 0
472 172.79493 296.07936 126.95484 15.82120 0.0942243 0.24306163 2.5428756
ROMA
 from 1985 Soviet ephemeris

2446400.5 0
474 222.17606 156.30253 161.37623 8.81797 0.2122895 0.25650746 2.4532174
PRUDENTIA
 from 1985 Soviet ephemeris

2446400.5 0
477 163.23556 322.27412 10.23997 5.29638 0.1891428 0.26247414 2.4158967
ITALIA
 from 1985 Soviet ephemeris

2446000.5 0
484 241.42936 190.87459 127.05733 12.50810 0.0567705 0.22628401 2.6670642
PITTSBURGHIA
 from 1984 Soviet ephemeris

2446000.5 0
511 291.18216 338.84606 107.35301 15.93484 0.1768380 0.17430665 3.1739012
DAVIDA
 from 1984 Soviet ephemeris

2444600.5 0
564 179.09891 213.54950 70.64348 18.04431 0.2730171 0.21637679 2.7478664
DUDU
  from 1980 Soviet ephemeris

2446000.5 0
564 121.98046 213.44176 70.62344 18.04625 0.2724250 0.21615615 2.7497359
DUDU
 from 1984 Soviet ephemeris

2446400.5 0
576 207.31212 26.84004 299.64394 10.19205 0.1908092 0.19053215 2.9910513
EMANUELA
 from 1985 Soviet ephemeris

2446400.5 0
580 321.96041 319.13772 99.00108 3.64604 0.0831928 0.16973073 3.2306933
SELENE
 from 1985 Soviet ephemeris

2446400.5 0
585 28.52891 327.66712 179.81637 7.56892 0.1330300 0.26033033 2.4291418
BILKIS
 from 1985 Soviet ephemeris

2446400.5 0
589 269.60981 215.50054 177.65685 10.79433 0.0539814 0.17760683 3.1344615
CROATIA
 from 1985 Soviet ephemeris

2446400.5 0
631 10.64486 278.56505 224.43967 18.94132 0.0843817 0.21127982 2.7918840
PHILIPPINA
 from 1985 Soviet ephemeris

2446400.5 0
638 134.31220 127.50150 103.11396 7.70654 0.1602047 0.21803993 2.7338752
MOIRA
 from 1985 Soviet ephemeris

2446400.5 0
660 329.82477 104.85763 156.74059 15.25571 0.1026235 0.24432578 2.5340967
CRESCENTIA
 from 1985 Soviet ephemeris

2446400.5 0
672 16.57922 310.18740 343.42614 11.14206 0.1363461 0.24109675 2.5566728
ASTARTE
 from 1985 Soviet ephemeris

2446400.5 0
679 260.07771 265.75525 112.19709 24.39920 0.3120785 0.23715358 2.5849348
PAX
 from 1985 Soviet ephemeris

2446000.5 0
697 245.18137 333.01951 15.33811 15.13587 0.1572968 0.20176814 2.8789513
GALILEA
 from 1984 Soviet ephemeris

2446400.5 0
727 47.46178 274.34761 132.64100 15.02775 0.1055260 0.23957329 2.5675000
NIPPONIA
 from 1985 Soviet ephemeris

2446400.5 0
770 265.76777 17.27603 44.32063 4.38754 0.1508648 0.29761790 2.2217577
BALI
 from 1985 Soviet ephemeris

2446400.5 0
780 140.59455 214.09462 144.67279 19.03243 0.0842833 0.17869900 3.1216770
ARMENIA
 from 1985 Soviet ephemeris

2446400.5 0
787 172.19419 123.81528 183.83074 14.85162 0.1272927 0.24352676 2.5396366
MOSKVA
 from 1985 Soviet ephemeris

2446400.5 0
793 167.93445 308.39340 35.82507 15.79807 0.1220129 0.21066623 2.7973025
ARIZONA
 from 1985 Soviet ephemeris

2446400.5 0
797 19.33343 350.78407 238.13086 4.47989 0.0568300 0.24413650 2.5354063
MONTANA
 from 1985 Soviet ephemeris

2446000.5 0
804 50.33865 341.69505 347.45584 15.34318 0.1382823 0.20605139 2.8389148
HISPANIA
 from 1984 Soviet ephemeris

2446400.5 0
866 302.48647 265.03040 91.11019 8.65988 0.0684227 0.17864980 3.1222501
FATME
 from 1985 Soviet ephemeris

2446400.5 0
881 60.81464 40.25340 276.96041 14.23980 0.2094654 0.23378727 2.6096893
ATHENE
 from 1985 Soviet ephemeris

2446400.5 0
886 77.93759 295.13667 60.57019 16.63778 0.2691622 0.17414285 3.1758912
WASHINGTONIA
 from 1985 Soviet ephemeris

2446400.5 0
904 296.80992 254.23199 197.75528 15.15953 0.0856850 0.19036102 2.9928436
ROCKEFELLIA
 from 1985 Soviet ephemeris

2446000.5 0
916 342.62851 40.72529 329.48798 11.12223 0.2360234 0.27106458 2.3645811
AMERICA
 from 1984 Soviet ephemeris

2446400.5 0
916 90.98944 40.78668 329.48255 11.12222 0.2361382 0.27097556 2.3650989
AMERICA
 from 1985 Soviet ephemeris

2446000.5 0
944 196.15210 57.20155 20.98254 42.37909 0.6551372 0.06964494 5.8507248
HIDALGO
 from 1984 Soviet ephemeris

2446400.5 0
953 256.13165 259.56383 36.24618 8.67432 0.1854638 0.21142377 2.7906166
PAINLEVA
 from 1985 Soviet ephemeris

2446400.5 0
1058 177.06719 93.77719 221.42137 3.68978 0.1872749 0.30271166 2.1967634
GRUBBA
 from 1985 Soviet ephemeris

2446400.5 0
1094 286.71971 308.86856 148.68153 13.99876 0.1347808 0.24276825 2.5449238
SIBERIA
 from 1985 Soviet ephemeris

2446400.5 0
1108 303.34027 77.39616 234.07217 24.92471 0.2589285 0.26088605 2.4256910
DEMETER
 from 1985 Soviet ephemeris

2446400.5 0
1125 310.14701 12.06631 96.81747 3.03962 0.2093739 0.17747860 3.1359711
CHINA
 from 1985 Soviet ephemeris

2446400.5 0
1130 337.91359 113.07309 215.85166 2.16594 0.1976841 0.29620906 2.2287969
SKULD
 from 1985 Soviet ephemeris

2446400.5 0
1132 303.11515 269.15489 29.83873 7.23484 0.2737251 0.22378006 2.6869224
HOLLANDIA
 from 1985 Soviet ephemeris

2446400.5 0
1138 48.13468 97.55133 283.60908 14.00796 0.0638001 0.17643572 3.1483164
ATTICA
 from 1985 Soviet ephemeris

2446400.5 0
1140 106.81899 310.51207 71.87779 14.13452 0.1105926 0.21342013 2.7731868
CRIMEA
 from 1985 Soviet ephemeris

2446400.5 0
1142 232.49657 96.88755 139.04476 2.10075 0.0994164 0.17419749 3.1752271
AETOLIA
 from 1985 Soviet ephemeris

2446400.5 0
1143 298.25955 234.38250 220.58742 3.13914 0.0927664 0.08205589 5.2448076
ODYSSEUS
 from 1985 Soviet ephemeris

2446400.5 0
1149 103.40510 114.67459 261.39676 11.75410 0.0940268 0.19960772 2.8996873
VOLGA
 from 1985 Soviet ephemeris

2446000.5 0
1157 271.01786 318.55251 335.96844 9.55217 0.1328100 0.17276130 3.1928002
ARABIA
 from 1984 Soviet ephemeris

2446400.5 0
1159 161.44104 312.50058 347.50670 13.04924 0.0576553 0.26846886 2.3797981
GRANADA
 from 1985 Soviet ephemeris

2446400.5 0
1170 166.84656 59.00307 0.57477 22.20087 0.3006682 0.27804916 2.3248146
SIVA
 from 1985 Soviet ephemeris

2446000.5 0
1181 153.76106 155.00926 260.55769 5.58161 0.1957025 0.22683187 2.6627680
LILITH
 from 1984 Soviet ephemeris

2446400.5 0
1181 244.62202 154.88778 260.55525 5.57978 0.1952836 0.22666882 2.6640448
LILITH
 from 1985 Soviet ephemeris

2446400.5 0
1184 258.02001 309.81784 355.58923 11.31366 0.0703421 0.22614857 2.6681290
GAEA
 from 1985 Soviet ephemeris

2446000.5 0
1193 142.55410 184.26150 49.34838 14.14950 0.1237539 0.22905775 2.6454896
AFRICA
 from 1984 Soviet ephemeris

2446400.5 0
1197 108.16655 274.43824 256.47950 12.90569 0.2361129 0.20127286 2.8836723
RHODESIA
 from 1985 Soviet ephemeris

2446000.5 0
1198 266.45585 83.76466 259.49045 2.72509 0.3351755 0.29194221 2.2504608
ATLANTIS
 from 1984 Soviet ephemeris

2446400.5 0
1213 306.87966 104.93627 271.64022 13.06207 0.1426866 0.17785638 3.1315289
ALGERIA
 from 1985 Soviet ephemeris

2446000.5 0
1221 261.77168 26.16829 170.89377 11.89146 0.4343120 0.37029869 1.9205897
AMOR
 from 1984 Soviet ephemeris

2446400.5 0
1221 49.88183 26.17786 170.88687 11.89186 0.4342434 0.37026979 1.9206896
AMOR
 from 1985 Soviet ephemeris

2446400.5 0
1242 132.62400 52.75199 349.77548 10.16826 0.1912012 0.21783712 2.7355719
ZAMBESIA
 from 1985 Soviet ephemeris

2446400.5 0
1258 117.94533 55.50137 299.54154 7.73638 0.0292535 0.17314205 3.1881177
SICILIA
 from 1985 Soviet ephemeris

2446400.5 0
1268 133.77513 133.84033 351.83806 4.41533 0.1061233 0.12588116 3.9430193
LIBYA
 from 1985 Soviet ephemeris

2446400.5 0
1282 101.65704 83.35962 324.00629 18.02019 0.1190468 0.17869599 3.1217120
UTOPIA
 from 1985 Soviet ephemeris

2446400.5 0
1288 227.43843 55.41791 298.92921 7.55848 0.0632237 0.20119271 2.8844381
SANTA
 from 1985 Soviet ephemeris

2446400.5 0
1388 259.14038 259.82763 54.18854 11.19366 0.0892086 0.18781231 3.0198591
APHRODITE
 from 1985 Soviet ephemeris

2446400.5 0
1457 45.18220 295.29716 296.33072 6.08272 0.1548981 0.22250423 2.6971838
ANKARA
 from 1985 Soviet ephemeris

2446400.5 0
1489 108.29565 8.67992 155.03132 2.41151 0.1459759 0.17233578 3.1980537
ATTILA
 from 1985 Soviet ephemeris

2446400.5 0
1543 146.98771 24.05403 287.90211 11.09913 0.3243840 0.23100593 2.6305949
BOURGEOIS
 from 1985 Soviet ephemeris

2444600.5 0
1566 110.75675 31.11919 87.55606 22.91606 0.8266639 0.88071911 1.0778983
ICARUS
  from 1980 Soviet ephemeris

2446000.5 0
1566 263.70061 31.12838 87.54131 22.91210 0.8268200 0.88070913 1.0779064
ICARUS
 from 1984 Soviet ephemeris

2446400.5 0
1566 255.95410 31.15684 87.52118 22.89866 0.8267640 0.88066480 1.0779426
ICARUS
 from 1985 Soviet ephemeris

2446400.5 0
1589 107.26599 288.80962 90.04969 5.25578 0.0923369 0.26217958 2.4177059
FANATICA
 from 1985 Soviet ephemeris

2446400.5 0
1613 223.18215 125.40467 320.86905 7.95787 0.2621160 0.21777171 2.7361196
SMILEY
 from 1985 Soviet ephemeris

2446400.5 0
1625 316.54219 276.50761 323.62845 15.44148 0.2333703 0.17340949 3.1848390
THE-NORC
 from 1985 Soviet ephemeris

2446400.5 0
1629 313.01920 106.03847 132.36770 9.70622 0.1537963 0.29428021 2.2385253
PECKER
 from 1985 Soviet ephemeris

2446000.5 0
1685 195.32170 126.82515 273.79311 9.37481 0.4359533 0.61654600 1.3671801
TORO
 from 1984 Soviet ephemeris

2446400.5 0
1686 16.22331 298.12311 6.27793 0.62256 0.1686984 0.17551302 3.1593409
DE-SITTER
 from 1985 Soviet ephemeris

2446400.5 0
1771 140.29709 319.84038 85.98638 11.25182 0.1767295 0.17871306 3.1215133
MAKOVER
 from 1985 Soviet ephemeris

2446400.5 0
1773 194.85800 166.78431 74.33178 5.40115 0.1289895 0.25932782 2.4353981
RUMPELSTILZ
 from 1985 Soviet ephemeris

2446400.5 0
1798 230.90925 3.51667 43.88903 6.19662 0.1227213 0.30231304 2.1986940
WATTS
 from 1985 Soviet ephemeris

2446400.5 0
1809 42.55723 229.71858 99.26338 3.26175 0.1014753 0.19698291 2.9253894
PROMETHEUS
 from 1985 Soviet ephemeris

2446400.5 0
1810 132.08625 203.16125 253.77906 4.03172 0.0929405 0.29727422 2.2234697
EPIMETHEUS
 from 1985 Soviet ephemeris

2446400.5 0
1812 232.93427 258.74324 178.52656 10.25284 0.0803905 0.18865947 3.0108121
GILGAMESH
 from 1985 Soviet ephemeris

2446400.5 0
1813 61.87777 164.54495 34.91775 8.09492 0.0796747 0.22426813 2.6830226
IMHOTEP
 from 1985 Soviet ephemeris

2446000.5 0
1862 105.46118 285.43691 35.41598 6.35000 0.5599688 0.55230070 1.4712472
APOLLO
 from 1984 Soviet ephemeris

2446400.5 0
1896 333.71881 179.66777 181.76308 2.22070 0.2216661 0.27040772 2.3684088
BEER
 from 1985 Soviet ephemeris

2446400.5 0
1915 67.72261 347.81229 162.44546 20.49966 0.5773503 0.24495406 2.5297618
QUETZALCOATL
 from 1985 Soviet ephemeris

2446400.5 0
1923 142.48951 105.00554 352.59677 4.95836 0.0658604 0.25949284 2.4343655
OSIRIS
 from 1985 Soviet ephemeris

2446400.5 0
1924 248.35207 152.31845 349.90990 2.73373 0.1321103 0.27553221 2.3389510
HORUS
 from 1985 Soviet ephemeris

2446400.5 0
1930 177.46027 339.61928 318.32615 14.07185 0.1445880 0.19987650 2.8970871
LUCIFER
 from 1985 Soviet ephemeris

2446400.5 0
1940 34.26653 187.06302 263.81509 6.55761 0.0681976 0.18411297 3.0601764
WHIPPLE
 from 1985 Soviet ephemeris

2446400.5 0
1981 106.19436 267.63300 356.59097 39.84306 0.6498993 0.41650294 1.7757862
MIDAS
 from 1985 Soviet ephemeris

2446400.5 0
2045 80.16871 198.53089 10.84230 6.90314 0.0548738 0.26834084 2.3805549
PEKING
 from 1985 Soviet ephemeris

2446400.5 0
2046 63.08282 275.27024 74.26393 2.73897 0.1829879 0.17612176 3.1520568
LENINGRAD
 from 1985 Soviet ephemeris

2444600.5 0
2060 252.08379 339.49790 208.75141 6.94779 0.3821975 0.01955398 13.6451779
CHIRON
  from 1980 Soviet ephemeris

2444800.5 0
2060 255.86364 339.58796 208.75754 6.95002 0.3823787 0.01957198 13.6368126
CHIRON
  from 1981 Soviet ephemeris

2445200.5 0
2060 263.46055 339.73113 208.76199 6.95118 0.3822755 0.01959921 13.6241798
CHIRON
  from 1982 Soviet ephemeris

2445600.5 0
2060 271.12434 339.81516 208.75160 6.94888 0.3816851 0.01961358 13.6175232
CHIRON
  from 1983 Soviet ephemeris


2445200.5 0
2060 263.45931 339.73287 208.76087 6.95118 0.38227510 0.01959908 13.62424055
CHIRON
 from MPC 7449

2446000.5 0
2063 344.67950 55.00264 32.70894 9.42032 0.3495268 0.88102358 1.0776499
BACCHUS
 from 1984 Soviet ephemeris

2446400.5 0
2095 330.89565 10.14838 332.23939 3.59530 0.0107958 0.22935283 2.6432200
PARSIFAL
 from 1985 Soviet ephemeris

2446400.5 0
2100 9.29411 355.89350 170.29350 15.76017 0.4364827 1.29856214 0.8320720
RA-SHALOM
 from 1985 Soviet ephemeris

2446400.5 0
2169 183.91313 356.42336 71.50112 1.53270 0.0532943 0.21183430 2.7870100
TAIWAN
 from 1985 Soviet ephemeris

2446400.5 0
2212 111.44174 208.07170 28.02148 11.88437 0.8350517 0.30975310 2.1633441
HEPHAISTOS
 from 1985 Soviet ephemeris

2446400.5 0
2214 189.84375 131.87925 189.01604 14.01578 0.2506611 0.17353249 3.1833338
CAROL
 from 1985 Soviet ephemeris

2446000.5 0
2224 41.77749 242.45119 51.02293 2.67294 0.0471186 0.20168997 2.8796951
TUCSON
 from 1984 Soviet ephemeris

2446400.5 0
2250 65.26074 172.88916 157.57973 1.51023 0.2015794 0.17475089 3.1685200
STALINGRAD
 from 1985 Soviet ephemeris

2446400.5 0
2335 176.87214 79.44799 19.53849 36.33038 0.3597734 0.31862883 2.1229805
JAMES
 from 1985 Soviet ephemeris

2446400.5 0
2340 1.09033 39.68816 211.09125 5.85572 0.4497948 1.27124293 0.8439506
HATHOR
 from 1985 Soviet ephemeris

2446400.5 0
2410 131.76377 62.44798 126.09358 2.39717 0.0624433 0.29868517 2.2164619
MORRISON
 from 1985 Soviet ephemeris

2446400.5 0
2597 322.92259 271.96143 119.88935 1.09280 0.1521082 0.18893256 3.0079101
ARTHUR
 from 1985 Soviet ephemeris

2446400.5 0
2598 355.01729 216.12903 197.58628 7.78447 0.2149367 0.21233332 2.7826417
MERLIN
 from 1985 Soviet ephemeris

2446400.5 0
2791 132.79808 164.39880 335.62776 31.03645 0.1714753 0.26548112 2.3976196
PARADISE
 from 1985 Soviet ephemeris

2446400.5 0
2807 85.88123 91.99014 28.31318 7.90074 0.1813640 0.21112318 2.7932648
KARL-MARX
 from 1985 Soviet ephemeris

2446400.5 0
2878 0.52641 15.42839 318.07457 10.26538 0.0901872 0.18540880 3.0459013
PANACEA
 from 1985 Soviet ephemeris

2446400.5 0
2938 309.12485 263.35447 108.70703 41.47983 0.3378346 0.17726438 3.1384971
HOPI
 from 1985 Soviet ephemeris

2446000.5 0
3043 264.93275 31.27722 350.59857 21.78413 0.1063233 0.36852018 1.9267640
SAN-DIEGO
 from MPC 8783 (1984 MAY 15)

epoch dependent data--julian day number of epoch, data option
(0=elements or 1=positions--positions being both positions & elements)
position data is asteroid number, xyz, x'y'z'
elements are asteroid number, elements as in soviet ephemeris:
 mean anomaly at epoch, argument of perihelion, node, inclination,
 eccentricity, motion, semi-major axis

